322,3
322,2
322,1
322,0
321,3
321,2
321,1
321,0
320,5
320,4
320,3
320,2
320,1
320,0
319,4
319,3
319,2
319,1
319,0
318,3
318,2
318,1
318,0
317,4
317,3
317,2
317,1
317,0
316,3
316,2
316,1
316,0
315,3
315,2
315,1
315,0
314,5
314,4
314,3
314,2
314,1
314,0
313,4
313,3
313,2
313,1
313,0
312,3
312,2
312,1
312,0
311,4
311,3
311,2
311,1
311,0
310,3
310,2
310,1
310,0
0,570
0,569
0,310
0,305
0,308
0,307
0,302
0,304
0,303
0,12
0,10
0,8
0,0
0,524
0,449
0,300
0,548
0,445
0,299
0,566
0,444
0,298
0,499
0,446
0,297
0,498
0,442
0,296
0,523
0,441
0,295
0,497
0,443
0,294
0,522
0,496
0,293
0,521
0,440
0,292
0,495
0,439
0,291
0,560
0,438
0,290
0,547
0,520
0,289
0,519
0,437
0,288
0,518
0,436
0,287
0,546
0,435
0,286
0,558
0,434
0,285
0,559
0,517
0,284
0,563
0,516
0,283
0,562
0,433
0,282
0,493
0,432
0,281
0,492
0,431
0,280
0,557
0,430
0,279
0,556
0,515
0,278
0,514
0,491
0,277
0,490
0,429
0,276
0,489
0,428
0,275
0,512
0,427
0,274
0,511
0,426
0,273
0,545
0,513
0,272
0,510
0,425
0,271
0,488
0,424
0,270
0,487
0,423
0,269
0,486
0,422
0,268
0,555
0,485
0,267
0,509
0,484
0,266
0,507
0,421
0,265
0,506
0,420
0,264
0,508
0,419
0,263
0,483
0,418
0,262
0,554
0,417
0,261
0,505
0,416
0,260
0,482
0,415
0,259
0,481
0,414
0,258
0,504
0,413
0,257
0,502
0,412
0,256
0,538
0,501
0,255
0,503
0,411
0,254
0,480
0,410
0,253
0,479
0,409
0,252
0,500
0,407
0,251
0,561
0,478
0,250
0,565
0,477
0,249
0,553
0,406
0,248
0,475
0,405
0,247
0,474
0,404
0,246
0,537
0,476
0,245
0,472
0,403
0,244
0,471
0,402
0,242
0,473
0,364
0,241
0,400
0,363
0,240
0,544
0,399
0,408
1,0
309,5
1,3
1,1
2,2
2,5
3,0
3,3
4,0
4,2
5,0
5,1
5,3
5,4
6,1
6,3
7,0
7,2
7,3
7,5
8,0
8,2
9,0
9,1
9,3
10,0
10,2
10,4
11,0
11,2
11,3
12,1
12,3
12,4
42,1
42,2
43,0
43,1
43,3
44,0
44,1
44,3
45,0
45,2
45,4
45,5
46,1
46,2
47,0
47,1
47,3
48,1
48,2
48,4
49,0
49,2
50,0
50,1
50,3
50,4
304,3
304,1
298,3
306,0
306,3
305,0
305,3
302,0
302,1
303,0
303,1
301,0
301,1
299,3
299,1
300,3
300,1
300,0
299,0
301,3
303,3
302,3
305,1
306,1
298,1
298,0
304,0
50,2
49,3
49,1
48,3
48,0
47,2
46,3
46,0
45,3
45,1
44,2
43,4
43,2
42,3
42,0
12,2
12,0
11,1
10,3
10,1
9,2
8,3
8,1
7,4
7,1
6,2
6,0
5,2
4,3
4,1
3,1
2,4
0,494
0,467
309,4
309,1
309,3
0,372
0,366
309,0
0,322
2,1
0,243
2,3
2,0
0,9
0,239
0,401
0,362
0,238
0,536
0,361
0,237
0,552
0,360
0,236
0,398
0,359
0,235
0,535
0,396
0,234
0,551
0,395
0,233
0,397
0,358
0,232
0,393
0,357
0,231
0,392
0,356
0,230
0,394
0,355
0,229
0,390
0,354
0,228
0,389
0,353
0,227
0,470
0,391
0,226
0,469
0,352
0,225
0,550
0,351
0,224
0,468
0,350
0,223
0,534
0,349
0,222
0,564
0,533
0,221
0,543
0,388
0,220
0,387
0,348
0,219
0,386
0,347
0,218
0,542
0,346
0,217
0,529
0,345
0,216
0,528
0,344
0,215
0,532
0,343
0,214
0,385
0,342
0,213
0,384
0,341
0,212
0,527
0,340
0,211
0,541
0,339
0,210
0,540
0,338
0,209
0,568
0,337
0,208
0,466
0,336
0,207
0,539
0,383
0,206
0,531
0,335
0,205
0,526
0,334
0,204
0,382
0,333
0,203
0,381
0,332
0,202
0,465
0,380
0,201
0,464
0,379
0,200
0,463
0,331
0,199
0,330
0,462
0,198
0,378
0,329
0,197
0,549
0,328
0,196
0,377
0,376
0,195
0,461
0,375
0,194
0,374
0,327
0,193
0,373
0,326
0,192
0,460
0,325
0,63
0,324
0,62
0,371
0,323
0,61
0,370
0,321
0,60
0,525
0,369
0,59
0,368
0,320
0,58
0,459
0,319
0,57
0,458
0,318
0,56
0,367
0,317
0,55
0,530
0,457
0,54
0,456
0,567
0,53
0,365
0,316
0,52
0,454
0,315
0,51
0,453
0,314
0,50
0,455
0,313
0,49
0,451
0,312
0,48
0,450
0,311
0,47
0,452
0,309
0,46
0,448
0,306
0,45
0,447
0,301
0,6
0,5
0,1
0,11
0,4
0,2
0,3
0,7
